1024
868 447 
280 346 
49 510 
405 259 
411 388 
323 292 
554 204 
708 680 
688 879 
261 88 
109 652 
957 54 
77 702 
517 606 
270 9 
511 97 
101 652 
296 774 
426 382 
543 639 
524 134 
599 376 
21 993 
1008 158 
91 85 
158 126 
927 644 
658 645 
761 203 
530 489 
559 635 
119 528 
386 431 
469 768 
835 103 
321 898 
77 955 
828 707 
677 398 
143 530 
475 926 
563 326 
472 164 
90 71 
74 416 
610 962 
497 904 
225 782 
302 318 
129 340 
924 420 
250 302 
563 637 
487 658 
901 812 
177 865 
985 431 
228 352 
839 833 
467 521 
943 444 
298 694 
92 316 
68 689 
638 334 
683 269 
762 871 
803 941 
846 805 
535 118 
208 280 
58 662 
142 1020 
941 881 
720 188 
366 240 
769 550 
687 450 
564 711 
970 411 
849 351 
385 431 
964 52 
340 441 
620 83 
750 111 
565 587 
676 38 
973 65 
852 641 
538 171 
58 151 
285 101 
310 141 
345 833 
605 929 
470 139 
1 702 
645 207 
431 442 
956 139 
365 609 
526 866 
717 203 
588 1021 
156 1014 
183 286 
859 732 
726 653 
540 182 
700 831 
289 993 
168 853 
227 98 
178 686 
336 664 
960 751 
899 327 
635 965 
160 838 
648 378 
856 697 
599 813 
488 1001 
523 423 
613 276 
995 747 
405 163 
402 532 
109 368 
48 748 
1004 759 
909 657 
681 264 
846 411 
103 571 
654 303 
567 648 
624 12 
738 482 
805 545 
165 633 
205 683 
685 742 
661 914 
347 184 
559 685 
845 781 
754 442 
618 821 
295 322 
580 753 
540 432 
340 783 
905 835 
83 972 
671 785 
784 332 
786 601 
424 45 
541 612 
43 540 
430 602 
55 950 
616 688 
385 427 
38 106 
145 610 
276 476 
982 943 
111 286 
921 958 
142 380 
444 866 
99 501 
680 437 
555 474 
395 986 
381 260 
864 756 
142 522 
635 233 
417 378 
1006 956 
115 436 
620 994 
815 99 
269 155 
938 525 
155 252 
673 726 
1 964 
540 359 
797 588 
379 390 
699 688 
90 117 
29 147 
399 251 
633 324 
391 259 
595 544 
851 95 
544 235 
604 154 
46 88 
427 512 
1022 109 
430 515 
940 250 
481 321 
887 318 
261 250 
831 107 
897 308 
206 850 
252 710 
433 797 
166 751 
867 889 
406 392 
822 474 
617 154 
243 862 
233 594 
639 217 
857 951 
269 359 
742 994 
638 601 
696 87 
773 201 
431 656 
1003 851 
762 707 
768 381 
225 993 
184 400 
668 143 
835 153 
846 586 
777 525 
418 367 
464 889 
341 235 
920 218 
952 852 
150 905 
687 793 
1014 873 
488 649 
163 11 
327 760 
954 960 
611 489 
295 875 
913 57 
959 939 
241 2 
873 41 
140 1014 
948 190 
832 384 
1 849 
703 1018 
921 567 
566 201 
144 175 
183 292 
671 43 
692 931 
697 394 
1021 753 
353 262 
1020 337 
472 185 
993 200 
979 364 
999 786 
512 275 
185 881 
259 859 
592 396 
799 521 
500 913 
748 703 
882 391 
54 476 
142 694 
659 709 
843 567 
899 165 
710 935 
753 952 
981 517 
138 872 
828 69 
593 753 
524 876 
525 470 
76 943 
720 176 
304 586 
824 850 
460 707 
91 141 
580 530 
954 446 
79 999 
55 776 
847 674 
40 645 
179 69 
744 849 
834 504 
605 400 
730 186 
972 578 
826 145 
359 785 
613 434 
30 442 
51 638 
217 615 
88 455 
588 845 
187 225 
10 754 
567 33 
271 949 
737 57 
763 131 
32 787 
567 1001 
896 577 
430 535 
387 409 
938 987 
860 945 
882 1022 
80 1014 
316 419 
146 433 
998 555 
186 826 
229 1022 
903 84 
338 418 
465 9 
902 113 
326 593 
830 133 
267 575 
826 811 
236 702 
338 808 
374 687 
400 855 
803 149 
960 736 
95 1007 
424 472 
213 483 
31 29 
189 352 
140 771 
437 610 
536 525 
960 109 
578 43 
923 123 
403 782 
660 787 
302 182 
844 264 
858 251 
899 1013 
995 9 
126 302 
243 196 
54 979 
328 205 
785 75 
551 679 
305 966 
616 165 
97 181 
890 899 
246 836 
351 529 
368 946 
760 489 
433 1020 
891 145 
964 977 
1008 72 
369 846 
395 202 
581 139 
630 585 
174 506 
137 741 
708 1011 
815 51 
964 876 
831 414 
521 240 
611 626 
551 1015 
779 949 
719 187 
492 329 
875 128 
874 704 
771 584 
667 841 
627 462 
63 1013 
575 998 
473 670 
728 2 
340 386 
572 140 
301 440 
111 522 
54 472 
756 914 
834 945 
441 519 
126 1017 
754 999 
357 644 
392 454 
930 839 
758 823 
64 781 
416 387 
152 835 
1008 138 
396 226 
276 532 
694 216 
457 177 
559 913 
789 717 
893 932 
399 47 
60 157 
371 747 
417 782 
93 506 
795 818 
533 360 
122 647 
432 379 
105 445 
285 611 
710 293 
645 765 
701 1002 
988 340 
902 592 
901 200 
971 719 
158 1016 
47 224 
344 178 
721 532 
474 882 
684 833 
435 415 
185 158 
797 66 
99 233 
280 757 
51 124 
667 838 
145 15 
407 800 
922 189 
171 127 
371 797 
358 258 
687 360 
990 601 
897 881 
915 417 
356 520 
39 917 
529 693 
55 494 
712 517 
833 867 
213 564 
789 536 
348 325 
901 117 
137 756 
173 893 
733 264 
668 455 
122 636 
817 262 
345 982 
1016 500 
577 964 
633 799 
443 247 
571 587 
346 138 
407 299 
995 164 
833 893 
806 413 
1 926 
301 877 
465 316 
585 560 
596 954 
823 196 
766 968 
1017 172 
108 216 
252 545 
390 311 
61 899 
108 598 
898 760 
1001 476 
224 935 
1014 994 
261 520 
937 923 
249 484 
0 854 
336 675 
83 615 
917 661 
129 346 
1005 519 
885 249 
687 766 
566 105 
962 809 
954 18 
896 403 
917 245 
340 897 
498 339 
428 414 
930 703 
822 492 
203 602 
535 837 
251 76 
700 290 
472 324 
881 22 
217 347 
1 600 
697 456 
634 675 
209 797 
870 971 
845 437 
871 520 
165 983 
666 481 
768 406 
906 203 
120 756 
382 422 
445 675 
580 385 
365 586 
84 608 
572 611 
35 982 
219 71 
523 925 
189 375 
22 255 
949 748 
929 282 
643 865 
905 248 
195 45 
894 721 
808 315 
1018 0 
196 875 
401 82 
881 796 
725 823 
881 195 
481 543 
525 764 
260 428 
459 752 
421 678 
541 683 
913 25 
761 711 
617 1022 
214 932 
824 962 
348 31 
485 418 
315 664 
472 987 
703 100 
642 546 
601 167 
14 310 
240 661 
101 390 
142 1012 
602 659 
100 677 
911 631 
382 432 
697 396 
546 511 
854 596 
76 260 
786 716 
972 526 
612 873 
776 236 
357 687 
849 750 
511 28 
576 573 
413 367 
785 791 
975 814 
911 502 
201 227 
362 811 
187 357 
966 552 
605 432 
444 763 
1013 574 
1015 385 
535 35 
107 142 
280 222 
125 971 
306 400 
518 745 
486 975 
425 665 
648 52 
517 840 
576 740 
879 514 
820 875 
299 1006 
684 581 
724 618 
552 413 
457 414 
974 144 
585 244 
708 794 
587 512 
454 1009 
126 666 
478 710 
851 276 
731 994 
34 847 
175 239 
393 163 
871 125 
810 950 
698 495 
614 186 
638 447 
327 558 
217 276 
764 413 
744 824 
619 915 
776 670 
682 35 
983 67 
615 167 
543 293 
621 663 
973 772 
913 775 
10 539 
616 857 
918 904 
212 269 
743 585 
648 904 
217 82 
335 343 
798 998 
725 941 
727 153 
492 974 
198 1002 
759 227 
402 1003 
483 334 
402 950 
565 979 
845 987 
49 590 
168 542 
766 748 
904 92 
51 821 
120 256 
881 579 
208 116 
137 529 
226 187 
310 25 
933 515 
865 659 
425 656 
667 441 
369 496 
54 898 
951 95 
821 682 
451 313 
67 449 
878 830 
746 332 
501 194 
37 383 
513 984 
377 463 
444 136 
493 206 
215 58 
31 885 
22 339 
4 950 
677 893 
487 779 
770 353 
724 38 
145 245 
943 310 
699 821 
1016 567 
634 839 
595 1 
786 986 
267 627 
665 885 
807 312 
3 89 
248 232 
273 213 
502 744 
468 119 
456 453 
112 849 
799 11 
594 548 
239 255 
575 770 
736 119 
332 831 
820 291 
447 219 
955 966 
995 136 
179 575 
241 668 
910 900 
617 542 
285 505 
970 460 
117 430 
76 716 
171 630 
257 733 
581 260 
171 715 
564 487 
1021 442 
942 90 
980 549 
197 697 
821 936 
890 284 
482 370 
402 90 
372 324 
279 188 
723 596 
246 234 
373 338 
890 475 
490 222 
173 299 
680 100 
762 122 
387 11 
354 879 
164 502 
83 866 
334 364 
566 803 
45 271 
983 170 
660 501 
324 41 
471 134 
632 137 
752 692 
613 729 
667 220 
145 404 
520 605 
433 549 
1004 424 
243 721 
80 183 
106 90 
508 474 
627 526 
545 347 
793 540 
863 687 
79 733 
888 230 
560 163 
422 717 
647 445 
892 325 
652 374 
643 852 
586 26 
794 584 
1005 596 
486 831 
862 476 
461 857 
52 154 
900 887 
400 872 
476 528 
1014 275 
857 106 
705 37 
498 895 
632 665 
406 709 
276 460 
57 380 
232 695 
690 804 
796 32 
914 556 
1 998 
156 3 
639 925 
348 384 
254 270 
330 58 
968 525 
776 421 
519 251 
280 926 
661 24 
113 642 
579 762 
98 689 
782 640 
395 668 
924 192 
159 207 
831 973 
731 792 
942 648 
682 30 
260 231 
271 756 
122 757 
841 697 
155 847 
118 506 
91 846 
636 425 
687 302 
536 806 
281 671 
1003 570 
263 746 
197 973 
826 111 
879 117 
173 724 
745 998 
130 675 
989 606 
235 888 
184 54 
434 423 
954 371 
212 125 
915 708 
542 329 
997 389 
621 316 
368 907 
512 547 
598 942 
81 274 
60 44 
666 280 
113 609 
276 527 
269 50 
1001 713 
377 789 
134 89 
388 586 
456 658 
15 293 
88 352 
290 810 
900 385 
961 897 
640 1020 
975 165 
780 938 
721 359 
699 360 
384 278 
3 439 
739 286 
960 278 
50 666 
708 492 
653 826 
900 106 
289 250 
55 959 
357 547 
253 272 
938 783 
682 876 
785 259 
247 386 
280 574 
182 364 
718 103 
729 676 
339 246 
78 909 
658 141 
451 671 
826 398 
218 444 
999 488 
14 478 
164 547 
409 227 
817 5 
640 905 
1022 56 
946 136 
76 526 
425 708 
856 571 
854 188 
354 468 
723 239 
883 280 
496 737 
774 259 
486 109 
239 112 
976 125 
5 60 
635 651 
557 229 
802 403 
5 609 
983 995 
315 358 
626 910 
71 609 
1009 176 
911 206 
416 151 
108 890 
249 931 
191 587 
1017 250 
654 731 
163 854 
436 314 
1000 842 
731 529 
533 994 
790 7 
605 723 
762 775 
866 308 
306 692 
17 523 
543 320 
152 480 
431 377 
748 324 
293 357 
447 486 
591 442 
665 954 
863 273 
540 672 
639 843 
393 345 
790 625 
250 620 
1010 403 
10 55 
323 685 
571 431 
331 24 
639 393 
54 755 
156 764 
625 917 
829 293 
798 7 
914 480 
606 114 
154 409 
89 890 
412 892 
191 296 
930 315 
531 778 
436 64 
885 755 
137 228 
841 200 
157 875 
569 557 
964 905 
449 1 
96 360 
464 167 
994 432 
32 1016 
362 869 
143 138 
894 389 
440 242 
595 981 
485 343 
783 34 
103 310 
932 948 
444 409 
444 676 
72 412 
728 550 
640 902 
934 535 
917 692 
577 393 
372 990 
680 704 
19 805 
459 318 
247 126 
516 489 
543 403 
361 1008 
122 958 
664 619 
188 403 
875 320 
703 653 
521 524 
1005 422 
399 615 
194 343 
396 51 
114 927 
167 181 
137 808 
912 715 
240 527 
172 98 
628 19 
933 895 
450 271 
864 220 
222 86 
249 938 
44 826 
677 788 
335 352 
381 44 
493 346 
1002 471 
704 321 
254 968 
211 886 
467 76 
449 381 
681 410 
351 789 
469 846 
245 1007 
34 252 
356 227 
349 713 
63 85 
1013 206 
631 835 
13 295 
771 432 
127 682 
425 428 
791 241 
792 315 
144 494 
752 185 
586 379 
395 457 
954 684 
1012 4 
927 697 
858 26 
204 145 
143 304 
158 271 
969 610 
406 841 
833 975 
793 842 
514 425 
1022 215 
473 631 
810 467 
331 539 
895 144 
893 270 
593 971 
707 685 
68 987 
366 844 
487 154 
125 903 
648 971 
65 76 
592 335 
141 721 
701 746 
491 166 
488 334 
415 833 
303 949 
106 964 
540 60 
890 612 
52 173 
872 56 
680 886 
886 175 
915 298 
388 979 
957 320 
594 54 
463 788 
976 674 
355 430 
746 477 
290 625 
145 166 
263 272 
143 884 
326 779 
538 490 
888 367 
934 845 
354 887 
893 741 
26 788 
446 202 
239 615 
959 203 
968 920 
882 892 
86 283 
128 826 
947 233 
329 545 
558 901 
625 87 
191 228 
10 958 
191 331 
328 775 
218 340 
999 649 
407 821 
349 742 
315 411 
41 310 
766 326 
978 993 
996 40 
296 259 
52 278 
217 257 
507 254 
376 484 
477 10 
513 848 
170 708 
284 448 
182 48 
801 393 
824 197 
619 363 
189 774 
891 95 
981 65 
550 929 
464 646 
34 1 
557 135 
260 895 
222 240 
98 764 
1015 350 
25 50 
615 517 
315 1004 
83 308 
438 798 
15 778 
1012 592 
916 1001 
219 264 
782 858 
628 562 
900 54 
1002 254 
868 424 
1011 764 
310 645 
37 820 
797 990 
806 374 
330 972 
136 863 
182 102 
25 982 
135 69 
726 153 
447 781 
1012 145 
770 190 
505 622 
539 720 
804 287 
435 657 
890 502 
654 824 
308 609 
695 908 
340 370 
703 574 
143 1007 
602 759 
111 171 
208 0 
505 521 
684 874 
445 66 
137 1007 
548 25 
915 12 
674 923 
38 191 
307 127 
392 856 
294 550 
971 352 
23 349 
120 633 
500 418 
30 606 
763 33 
881 140 
171 492 
296 543 
361 156 
973 878 
939 124 
999 549 
205 582 
794 611 
866 214 
685 534 
747 166 
653 563 
128 106 
150 357 
477 836 
246 95 
234 897 
127 981 
647 747 
498 478 
824 786 
723 397 
303 243 
632 986 
464 108 
725 340 
660 733 
44 968 
107 396 
345 706 
612 922 
401 817 
501 812 
1007 994 
834 126 
186 676 
2 8 
547 110 
314 284 
431 671 
286 762 
27 144 
658 848 
440 816 
95 22 
393 682 
174 987 
829 329 
691 5 
353 18 
356 253 
100 758 
977 726 
216 572 
511 492 
941 669 
805 987 
721 9 
770 779 
231 167 
440 655 
584 511 
736 667 
293 639 
299 320 
58 850 
828 544 
988 503 
134 222 
168 708 
269 602 
794 585 
992 780 
943 270 
722 548 
383 737 
94 884 
239 880 
406 383 
929 269 
199 516 
346 24 
608 371 
302 775 
673 204 
214 915 
576 390 
841 208 
666 440 
632 972 
803 563 
519 700 
539 559 
676 121 
558 769 
877 809 
56 645 
429 534 
324 566 
120 900 
424 425 
331 77 
622 162 
452 756 
611 370 
1021 509 
862 41 
769 898 
247 1003 
1004 200 
105 299 
686 327 
813 662 
971 294 
666 568 
491 14 
824 24 
276 537 
755 986 
284 358 
564 736 
817 473 
39 900 
881 617 
497 951 
569 116 
805 489 
584 267 
358 22 
474 303 
684 380 
133 824 
181 409 
870 588 
565 496 
137 512 
535 671 
869 858 
468 645 
945 317 
887 976 
722 788 
14 70 
860 206 
183 882 
976 443 
572 669 
18 418 
163 938 
960 885 
243 456 
610 17 
769 326 
106 585 
528 237 
125 176 
928 975 
1009 323 
151 665 
200 375 
449 88 
305 143 
559 934 
760 298 
701 264 
889 968 
1023 200 
1018 554 
684 568 
516 46 
849 922 
674 283 
702 641 
641 12 
448 860 
389 341 
205 792 
799 54 
287 447 
872 272 
977 592 
557 200 
37 579 
812 438 
586 640 
755 121 
768 38 
368 420 
493 830 
237 324 
824 751 
722 102 
687 801 
945 211 
36 210 
26 949 
524 379 
550 937 
992 257 
483 162 
740 257 
311 178 
177 426 
24 830 
378 60 
903 355 
1022 575 
407 470 
310 990 
399 298 
213 109 
246 988 
401 326 
692 875 
894 643 
225 924 
326 238 
444 260 
318 899 
231 990 
606 816 
993 373 
264 38 
623 492 
888 923 
411 787 
1003 880 
343 573 
892 812 
350 10 
92 885 
410 948 
688 319 
131 531 
405 470 
210 324 
485 207 
54 676 
705 281 
435 601 
931 448 
747 357 
534 20 
603 427 
773 240 
353 381 
92 136 
722 52 
24 484 
39 61 
153 667 
532 324 
233 279 
664 788 
193 545 
789 868 
546 578 
155 401 
607 163 
305 936 
322 152 
506 284 
34 349 
234 659 
478 911 
565 305 
626 539 
800 498 
406 235 
738 1003 
738 379 
271 213 
886 143 
306 979 
437 839 
591 839 
264 808 
201 467 
712 412 
750 751 
394 163 
146 733 
722 177 
105 148 
486 441 
571 1002 
686 1006 
155 2 
300 19 
20 200 
708 76 
447 863 
343 784 
690 458 
121 219 
602 8 
195 636 
915 567 
802 859 
880 228 
820 951 
306 29 
960 860 
366 987 
144 373 
109 17 
256 970 
334 685 
325 237 
307 866 
651 349 
902 639 
700 212 
345 703 
926 221 
864 270 
918 900 
315 7 
107 137 
630 795 
394 932 
928 0 
455 30 
486 264 
53 678 
629 505 
13 233 
209 816 
881 768 
409 202 
701 661 
392 981 
394 984 
819 875 
99 627 
20 567 
926 285 
737 522 
205 1021 
258 905 
863 227 
704 721 
589 115 
530 548 
25 544 
264 353 
790 166 
106 978 
524 919 
710 118 
908 870 
24 6 
201 822 
489 799 
436 11 
607 133 
212 786 
301 599 
219 439 
464 885 
434 701 
465 159 
371 265 
340 525 
189 475 
673 305 
50 211 
880 216 
26 667 
889 350 
328 132 
1021 911 
860 640 
101 819 
237 689 
183 845 
267 259 
663 495 
173 444 
136 992 
599 56 
216 397 
452 547 
321 389 
857 924 
579 366 
148 621 
265 758 
599 866 
62 229 
243 695 
500 607 
147 897 
745 696 
496 72 
668 2 
286 72 
990 701 
577 171 
206 264 
471 746 
650 634 
295 755 
625 587 
614 375 
161 455 
855 567 
111 505 
189 446 
640 148 
335 702 
912 719 
245 592 
602 607 
273 489 
249 6 
600 725 
276 0 
264 378 
868 307 
857 838 
193 162 
98 218 
288 970 
356 148 
41 556 
237 111 
897 263 
399 396 
94 730 
128 86 
275 682 
738 661 
71 498 
13 45 
190 36 
825 26 
1004 8 
686 67 
725 771 
767 503 
235 797 
602 287 
883 418 
868 155 
958 594 
811 676 
621 24 
535 880 
301 1021 
26 399 
56 88 
769 365 
1010 146 
251 3 
836 35 
858 280 
153 343 
953 1004 
708 866 
104 558 
85 463 
68 486 
821 658 
460 305 
495 7 
241 220 
945 308 
844 744 
398 540 
230 450 
848 578 
409 962 
53 267 
459 778 
311 204 
554 1016 
866 684 
169 175 
203 490 
462 675 
881 883 
20 756 
35 823 
1003 198 
186 143 
628 184 
24 88 
893 561 
126 659 
477 269 
610 146 
851 79 
204 733 
835 237 
636 659 
547 576 
572 737 
8 556 
191 149 
477 988 
179 919 
181 855 
848 204 
576 42 
431 160 
582 807 
538 950 
718 572 
890 637 
437 1011 
965 838 
576 747 
512 32 
603 302 
575 124 
585 692 
344 23 
443 961 
908 596 
306 477 
905 436 
114 189 
564 109 
684 917 
866 686 
999 180 
202 365 
221 787 
9 915 
564 756 
402 56 
882 286 
323 797 
844 643 
702 917 
187 621 
886 982 
31 776 
223 328 
128 353 
839 158 
247 426 
578 518 
328 892 
213 53 
797 364 
122 435 
340 452 
383 471 
888 906 
21 747 
702 951 
206 338 
808 257 
576 627 
166 123 
460 926 
198 912 
439 893 
1008 885 
1013 634 
762 429 
693 692 
672 572 
993 1021 
968 1014 
386 795 
293 738 
724 418 
761 380 
416 597 
473 975 
797 659 
572 135 
692 94 
931 832 
947 44 
260 783 
16 792 
245 850 
939 526 
583 587 
200 897 
37 530 
318 89 
809 952 
564 409 
21 320 
798 488 
731 776 
704 622 
878 751 
271 581 
880 142 
761 841 
361 614 
117 829 
640 649 
858 829 
300 809 
484 694 
404 336 
526 923 
1018 971 
452 73 
530 12 
317 59 
969 84 
827 501 
428 640 
985 795 
932 521 
904 759 
769 150 
169 649 
397 204 
398 217 
725 257 
434 543 
626 263 
845 693 
351 994 
224 581 
238 216 
980 823 
344 131 
471 41 
478 311 
80 748 
726 378 
272 141 
728 543 
390 199 
547 480 
191 122 
805 690 
702 30 
601 393 
40 953 
301 201 
290 689 
91 3 
880 798 
18 162 
26 869 
478 462 
842 534 
283 725 
334 864 
995 156 
847 77 
251 793 
206 789 
803 261 
449 196 
105 101 
1018 77 
644 517 
857 595 
90 364 
119 512 
909 305 
777 999 
438 971 
611 379 
578 248 
533 349 
721 363 
419 223 
415 29 
528 303 
806 531 
898 164 
973 273 
982 257 
868 561 
431 446 
819 471 
802 57 
695 15 
662 967 
125 411 
787 41 
639 434 
976 120 
42 632 
938 639 
891 636 
365 370 
116 186 
881 115 
10 655 
139 636 
728 409 
966 10 
165 225 
998 902 
64 510 
479 428 
512 253 
578 336 
119 857 
671 503 
470 483 
898 763 
12 716 
933 320 
793 707 
916 534 
222 303 
438 222 
933 750 
519 161 
868 774 
340 684 
162 640 
137 921 
865 750 
97 963 
131 975 
556 220 
11 858 
613 671 
426 76 
995 1011 
248 588 
704 10 
622 149 
890 51 
465 257 
557 49 
895 470 
262 318 
132 824 
215 257 
254 646 
50 178 
1008 301 
392 423 
712 763 
870 940 
1009 266 
704 1022 
396 212 